-8.00000000 0.00712159 0.00431138 0.00000000 0.00281020 
-7.98401600 0.00790934 0.00473069 0.00000000 0.00317865 
-7.96803200 0.00863276 0.00509964 0.00000000 0.00353311 
-7.95204800 0.00926628 0.00540556 0.00000000 0.00386072 
-7.93606400 0.00978988 0.00563992 0.00000000 0.00414997 
-7.92008000 0.01018805 0.00579824 0.00000000 0.00438981 
-7.90409600 0.01045365 0.00588140 0.00000000 0.00457225 
-7.88811200 0.01058510 0.00589366 0.00000000 0.00469145 
-7.87212800 0.01058696 0.00584298 0.00000000 0.00474398 
-7.85614400 0.01046996 0.00573934 0.00000000 0.00473063 
-7.84016000 0.01024822 0.00559385 0.00000000 0.00465437 
-7.82417600 0.00993888 0.00541831 0.00000000 0.00452058 
-7.80819200 0.00955943 0.00522266 0.00000000 0.00433677 
-7.79220800 0.00912874 0.00501604 0.00000000 0.00411271 
-7.77622400 0.00866294 0.00480496 0.00000000 0.00385798 
-7.76024000 0.00817730 0.00459396 0.00000000 0.00358334 
-7.74425600 0.00768504 0.00438598 0.00000000 0.00329906 
-7.72827200 0.00719726 0.00418176 0.00000000 0.00301550 
-7.71228800 0.00672232 0.00398164 0.00000000 0.00274068 
-7.69630400 0.00626131 0.00378043 0.00000000 0.00248088 
-7.68032000 0.00582378 0.00358094 0.00000000 0.00224285 
-7.66433600 0.00541934 0.00338730 0.00000000 0.00203204 
-7.64835200 0.00504786 0.00319794 0.00000000 0.00184992 
-7.63236800 0.00471127 0.00301326 0.00000000 0.00169801 
-7.61638400 0.00440861 0.00283360 0.00000000 0.00157501 
-7.60040000 0.00414064 0.00266109 0.00000000 0.00147955 
-7.58441600 0.00390769 0.00249913 0.00000000 0.00140856 
-7.56843200 0.00370842 0.00235052 0.00000000 0.00135790 
-7.55244800 0.00354280 0.00221859 0.00000000 0.00132421 
-7.53646400 0.00340917 0.00210680 0.00000000 0.00130236 
-7.52048000 0.00330557 0.00201761 0.00000000 0.00128796 
-7.50449600 0.00323273 0.00195437 0.00000000 0.00127836 
-7.48851200 0.00318936 0.00192018 0.00000000 0.00126918 
-7.47252800 0.00317423 0.00191627 0.00000000 0.00125796 
-7.45654400 0.00318900 0.00194642 0.00000000 0.00124258 
-7.44056000 0.00323319 0.00201130 0.00000000 0.00122189 
-7.42457600 0.00330813 0.00211326 0.00000000 0.00119487 
-7.40859200 0.00341377 0.00225256 0.00000000 0.00116121 
-7.39260800 0.00355309 0.00243195 0.00000000 0.00112113 
-7.37662400 0.00372723 0.00265198 0.00000000 0.00107524 
-7.36064000 0.00393949 0.00291515 0.00000000 0.00102434 
-7.34465600 0.00419293 0.00322401 0.00000000 0.00096893 
-7.32867200 0.00449010 0.00357968 0.00000000 0.00091042 
-7.31268800 0.00483340 0.00398399 0.00000000 0.00084941 
-7.29670400 0.00522798 0.00444094 0.00000000 0.00078704 
-7.28072000 0.00567657 0.00495218 0.00000000 0.00072439 
-7.26473600 0.00618378 0.00552205 0.00000000 0.00066173 
-7.24875200 0.00675212 0.00615203 0.00000000 0.00060009 
-7.23276800 0.00738551 0.00684512 0.00000000 0.00054040 
-7.21678400 0.00808782 0.00760453 0.00000000 0.00048329 
-7.20080000 0.00886063 0.00843155 0.00000000 0.00042908 
-7.18481600 0.00970512 0.00932645 0.00000000 0.00037867 
-7.16883200 0.01062212 0.01028971 0.00000000 0.00033240 
-7.15284800 0.01161181 0.01132112 0.00000000 0.00029069 
-7.13686400 0.01267163 0.01241779 0.00000002 0.00025382 
-7.12088000 0.01379835 0.01357572 0.00000006 0.00022257 
-7.10489600 0.01499094 0.01479343 0.00000011 0.00019740 
-7.08891200 0.01624343 0.01606393 0.00000023 0.00017927 
-7.07292800 0.01755710 0.01738720 0.00000051 0.00016940 
-7.05694400 0.01892951 0.01875821 0.00000097 0.00017033 
-7.04096000 0.02036196 0.02017527 0.00000197 0.00018472 
-7.02497600 0.02185762 0.02163768 0.00000369 0.00021625 
-7.00899200 0.02342532 0.02314785 0.00000730 0.00027018 
-6.99300800 0.02507615 0.02470920 0.00001364 0.00035331 
-6.97702400 0.02683399 0.02633601 0.00002467 0.00047332 
-6.96104000 0.02872665 0.02803969 0.00004416 0.00064280 
-6.94505600 0.03079580 0.02984437 0.00007649 0.00087494 
-6.92907200 0.03308433 0.03177510 0.00012644 0.00118278 
-6.91308800 0.03565981 0.03386816 0.00020737 0.00158428 
-6.89710400 0.03860101 0.03617158 0.00032953 0.00209990 
-6.88112000 0.04199864 0.03873516 0.00051027 0.00275320 
-6.86513600 0.04596453 0.04162493 0.00076739 0.00357221 
-6.84915200 0.05061319 0.04490397 0.00112778 0.00458143 
-6.83316800 0.05607560 0.04865121 0.00161916 0.00580523 
-6.81718400 0.06247666 0.05294206 0.00226931 0.00726529 
-6.80120000 0.06995798 0.05785635 0.00311566 0.00898597 
-6.78521600 0.07864485 0.06346992 0.00418801 0.01098692 
-6.76923200 0.08862930 0.06983544 0.00551893 0.01327493 
-6.75324800 0.09997769 0.07698956 0.00713613 0.01585199 
-6.73726400 0.11271428 0.08494212 0.00906269 0.01870948 
-6.72128000 0.12680100 0.09366572 0.01130782 0.02182746 
-6.70529600 0.14211686 0.10308003 0.01386572 0.02517111 
-6.68931200 0.15846728 0.11306039 0.01671404 0.02869285 
-6.67332800 0.17555539 0.12342121 0.01980784 0.03232634 
-6.65734400 0.19301098 0.13393471 0.02308054 0.03599573 
-6.64136000 0.21036833 0.14431437 0.02644371 0.03961024 
-6.62537600 0.22711217 0.15425173 0.02978895 0.04307149 
-6.60939200 0.24268062 0.16340903 0.03299462 0.04627697 
-6.59340800 0.25651154 0.17145867 0.03593105 0.04912182 
-6.57742400 0.26806470 0.17808786 0.03846985 0.05150700 
-6.56144000 0.27686728 0.18302778 0.04049338 0.05334612 
-6.54545600 0.28254066 0.18606962 0.04190323 0.05456781 
-6.52947200 0.28483540 0.18708363 0.04262858 0.05512320 
-6.51348800 0.28364235 0.18602393 0.04263179 0.05498662 
-6.49750400 0.27900546 0.18293343 0.04191187 0.05416016 
-6.48152000 0.27111664 0.17793996 0.04050459 0.05267208 
-6.46553600 0.26030411 0.17124878 0.03847967 0.05057565 
-6.44955200 0.24700514 0.16312418 0.03593460 0.04794636 
-6.43356800 0.23173886 0.15387492 0.03298738 0.04487657 
-6.41758400 0.21506148 0.14382446 0.02976650 0.04147052 
-6.40160000 0.19754275 0.13330234 0.02640305 0.03783736 
-6.38561600 0.17972110 0.12261388 0.02302091 0.03408630 
-6.36963200 0.16208568 0.11203792 0.01972916 0.03031860 
-6.35364800 0.14504953 0.10180275 0.01661887 0.02662790 
-6.33766400 0.12894809 0.09209371 0.01375919 0.02309519 
-6.32168000 0.11401480 0.08304084 0.01119204 0.01978192 
-6.30569600 0.10040061 0.07472252 0.00894421 0.01673389 
-6.28971200 0.08818199 0.06718291 0.00701903 0.01398005 
-6.27372800 0.07736056 0.06041927 0.00540737 0.01153392 
-6.25774400 0.06789959 0.05441506 0.00408461 0.00939992 
-6.24176000 0.05971401 0.04912227 0.00302213 0.00756961 
-6.22577600 0.05270126 0.04448315 0.00218997 0.00602814 
-6.20979200 0.04673124 0.04043333 0.00154853 0.00474937 
-6.19380800 0.04168029 0.03690634 0.00106997 0.00370398 
-6.17782400 0.03743309 0.03384354 0.00072037 0.00286917 
-6.16184000 0.03387174 0.03118428 0.00047284 0.00221462 
-6.14585600 0.03088423 0.02886954 0.00030074 0.00171396 
-6.12987200 0.02837362 0.02684730 0.00018550 0.00134082 
-6.11388800 0.02626069 0.02507549 0.00011134 0.00107386 
-6.09790400 0.02447054 0.02351293 0.00006450 0.00089311 
-6.08192000 0.02294426 0.02212354 0.00003658 0.00078414 
-6.06593600 0.02162484 0.02087257 0.00002012 0.00073215 
-6.04995200 0.02047386 0.01973715 0.00001066 0.00072605 
-6.03396800 0.01945130 0.01868744 0.00000569 0.00075817 
-6.01798400 0.01852925 0.01770754 0.00000279 0.00081892 
-6.00200000 0.01768412 0.01677692 0.00000135 0.00090584 
-5.98601600 0.01689880 0.01588482 0.00000069 0.00101329 
-5.97003200 0.01615670 0.01501955 0.00000036 0.00113679 
-5.95404800 0.01545181 0.01417687 0.00000020 0.00127473 
-5.93806400 0.01477459 0.01335165 0.00000007 0.00142287 
-5.92208000 0.01412159 0.01254210 0.00000000 0.00157949 
-5.90609600 0.01349236 0.01175176 0.00000000 0.00174060 
-5.89011200 0.01288465 0.01098125 0.00000000 0.00190341 
-5.87412800 0.01230018 0.01023614 0.00000000 0.00206404 
-5.85814400 0.01173848 0.00951966 0.00000000 0.00221882 
-5.84216000 0.01119947 0.00883514 0.00000000 0.00236432 
-5.82617600 0.01068391 0.00818724 0.00000000 0.00249667 
-5.81019200 0.01018984 0.00757756 0.00000000 0.00261228 
-5.79420800 0.00971711 0.00700852 0.00000000 0.00270859 
-5.77822400 0.00926411 0.00648096 0.00000000 0.00278315 
-5.76224000 0.00883122 0.00599677 0.00000000 0.00283445 
-5.74625600 0.00841684 0.00555497 0.00000000 0.00286187 
-5.73027200 0.00802029 0.00515433 0.00000000 0.00286595 
-5.71428800 0.00764332 0.00479521 0.00000000 0.00284811 
-5.69830400 0.00728695 0.00447679 0.00000000 0.00281016 
-5.68232000 0.00695520 0.00419959 0.00000000 0.00275561 
-5.66633600 0.00664990 0.00396176 0.00000000 0.00268814 
-5.65035200 0.00637451 0.00376348 0.00000000 0.00261103 
-5.63436800 0.00613314 0.00360432 0.00000000 0.00252881 
-5.61838400 0.00592899 0.00348352 0.00000000 0.00244547 
-5.60240000 0.00576467 0.00339936 0.00000000 0.00236530 
-5.58641600 0.00564285 0.00335126 0.00000000 0.00229160 
-5.57043200 0.00556379 0.00333583 0.00000000 0.00222796 
-5.55444800 0.00552725 0.00335155 0.00000000 0.00217571 
-5.53846400 0.00553330 0.00339557 0.00000000 0.00213773 
-5.52248000 0.00557795 0.00346289 0.00000000 0.00211506 
-5.50649600 0.00565915 0.00354972 0.00000000 0.00210944 
-5.49051200 0.00577291 0.00365229 0.00000000 0.00212062 
-5.47452800 0.00591512 0.00376701 0.00000000 0.00214811 
-5.45854400 0.00608158 0.00388853 0.00000000 0.00219305 
-5.44256000 0.00626727 0.00401332 0.00000000 0.00225395 
-5.42657600 0.00647013 0.00413841 0.00000000 0.00233172 
-5.41059200 0.00668435 0.00426090 0.00000000 0.00242345 
-5.39460800 0.00690758 0.00437853 0.00000000 0.00252905 
-5.37862400 0.00713974 0.00449269 0.00000000 0.00264705 
-5.36264000 0.00737845 0.00460321 0.00000000 0.00277524 
-5.34665600 0.00762437 0.00471214 0.00000000 0.00291223 
-5.33067200 0.00787725 0.00482249 0.00000000 0.00305476 
-5.31468800 0.00813941 0.00493920 0.00000000 0.00320022 
-5.29870400 0.00841076 0.00506637 0.00000000 0.00334439 
-5.28272000 0.00869377 0.00520999 0.00000000 0.00348379 
-5.26673600 0.00898932 0.00537591 0.00000000 0.00361341 
-5.25075200 0.00929997 0.00557160 0.00000000 0.00372838 
-5.23476800 0.00962688 0.00580344 0.00000000 0.00382344 
-5.21878400 0.00997326 0.00607853 0.00000000 0.00389473 
-5.20280000 0.01034194 0.00640456 0.00000002 0.00393736 
-5.18681600 0.01073473 0.00678670 0.00000007 0.00394795 
-5.17083200 0.01115355 0.00722883 0.00000017 0.00392455 
-5.15484800 0.01160303 0.00773685 0.00000038 0.00386580 
-5.13886400 0.01208958 0.00831696 0.00000076 0.00377185 
-5.12288000 0.01261838 0.00897200 0.00000151 0.00364487 
-5.10689600 0.01319503 0.00970424 0.00000274 0.00348805 
-5.09091200 0.01383461 0.01052326 0.00000462 0.00330673 
-5.07492800 0.01454052 0.01142563 0.00000784 0.00310705 
-5.05894400 0.01532888 0.01241888 0.00001256 0.00289744 
-5.04296000 0.01621014 0.01350503 0.00001932 0.00268578 
-5.02697600 0.01720510 0.01469221 0.00002990 0.00248299 
-5.01099200 0.01832798 0.01598380 0.00004431 0.00229987 
-4.99500800 0.01960046 0.01738736 0.00006477 0.00214833 
-4.97902400 0.02104190 0.01890791 0.00009237 0.00204162 
-4.96304000 0.02268086 0.02055575 0.00013008 0.00199502 
-4.94705600 0.02455359 0.02234612 0.00018312 0.00202435 
-4.93107200 0.02668706 0.02428728 0.00025402 0.00214575 
-4.91508800 0.02912672 0.02639640 0.00035141 0.00237890 
-4.89910400 0.03191786 0.02868871 0.00048415 0.00274499 
-4.88312000 0.03512388 0.03119171 0.00066345 0.00326873 
-4.86713600 0.03880218 0.03392413 0.00090396 0.00397408 
-4.85115200 0.04303516 0.03692416 0.00122396 0.00488705 
-4.83516800 0.04789993 0.04021658 0.00164716 0.00603619 
-4.81918400 0.05348509 0.04384025 0.00219641 0.00744844 
-4.80320000 0.05988748 0.04783614 0.00290387 0.00914748 
-4.78721600 0.06718405 0.05223423 0.00379519 0.01115463 
-4.77123200 0.07546471 0.05707422 0.00490111 0.01348938 
-4.75524800 0.08479943 0.06238181 0.00625529 0.01616234 
-4.73926400 0.09524002 0.06818406 0.00788539 0.01917057 
-4.72328000 0.10680347 0.07448278 0.00981467 0.02250602 
-4.70729600 0.11946119 0.08126262 0.01205426 0.02614431 
-4.69131200 0.13313372 0.08848225 0.01460568 0.03004579 
-4.67532800 0.14768054 0.09607110 0.01745206 0.03415738 
-4.65934400 0.16288699 0.10392446 0.02055568 0.03840685 
-4.64336000 0.17846602 0.11190230 0.02385792 0.04270580 
-4.62737600 0.19406213 0.11983073 0.02727783 0.04695357 
-4.61139200 0.20925632 0.12750452 0.03071246 0.05103934 
-4.59540800 0.22358631 0.13470047 0.03404329 0.05484255 
-4.57942400 0.23656918 0.14118569 0.03714057 0.05824292 
-4.56344000 0.24772860 0.14673080 0.03987381 0.06112399 
-4.54745600 0.25662850 0.15112736 0.04211914 0.06338200 
-4.53147200 0.26290002 0.15420150 0.04376883 0.06492969 
-4.51548800 0.26627208 0.15582771 0.04474099 0.06570339 
-4.49950400 0.26658973 0.15593699 0.04498592 0.06566682 
-4.48352000 0.26383876 0.15453387 0.04448980 0.06481510 
-4.46753600 0.25813096 0.15167910 0.04327774 0.06317411 
-4.45155200 0.24970867 0.14749798 0.04141017 0.06080052 
-4.43556800 0.23891977 0.14216592 0.03897773 0.05777612 
-4.41958400 0.22620663 0.13590413 0.03609589 0.05420662 
-4.40360000 0.21206026 0.12895576 0.03289286 0.05021165 
-4.38761600 0.19699499 0.12157206 0.02950281 0.04592012 
-4.37163200 0.18151336 0.11399752 0.02605403 0.04146181 
-4.35564800 0.16607084 0.10644916 0.02266161 0.03696007 
-4.33966400 0.15107933 0.09912333 0.01942537 0.03253063 
-4.32368000 0.13685771 0.09216938 0.01641853 0.02826979 
-4.30769600 0.12365007 0.08569993 0.01369348 0.02425666 
-4.29171200 0.11160400 0.07977484 0.01127954 0.02054962 
-4.27572800 0.10080401 0.07442860 0.00918514 0.01719026 
-4.25974400 0.09124895 0.06964805 0.00740251 0.01419839 
-4.24376000 0.08289889 0.06541043 0.00590996 0.01157850 
-4.22777600 0.07566602 0.06166105 0.00468263 0.00932234 
-4.21179200 0.06943413 0.05833719 0.00368505 0.00741189 
-4.19580800 0.06408603 0.05537907 0.00288825 0.00581871 
-4.17982400 0.05948370 0.05271512 0.00225822 0.00451036 
-4.16384000 0.05550294 0.05028722 0.00176313 0.00345258 
-4.14785600 0.05202801 0.04803679 0.00137675 0.00261447 
-4.13187200 0.04895697 0.04592159 0.00107595 0.00195943 
-4.11588800 0.04620558 0.04390527 0.00084311 0.00145720 
-4.09990400 0.04370361 0.04196213 0.00066103 0.00108045 
-4.08392000 0.04139454 0.04007239 0.00051815 0.00080399 
-4.06793600 0.03923977 0.03822472 0.00040553 0.00060952 
-4.05195200 0.03721026 0.03641337 0.00031592 0.00048097 
-4.03596800 0.03528535 0.03463795 0.00024382 0.00040359 
-4.01998400 0.03345453 0.03290105 0.00018634 0.00036714 
-4.00400000 0.03171158 0.03120486 0.00014038 0.00036634 
-3.98801600 0.03005246 0.02955216 0.00010462 0.00039567 
-3.97203200 0.02847664 0.02794627 0.00007657 0.00045380 
-3.95604800 0.02697862 0.02638673 0.00005474 0.00053716 
-3.94006400 0.02555906 0.02487513 0.00003840 0.00064552 
-3.92408000 0.02421837 0.02341358 0.00002626 0.00077854 
-3.90809600 0.02295221 0.02199865 0.00001744 0.00093612 
-3.89211200 0.02175737 0.02062925 0.00001139 0.00111672 
-3.87612800 0.02063204 0.01930507 0.00000721 0.00131976 
-3.86014400 0.01957643 0.01802765 0.00000435 0.00154442 
-3.84416000 0.01858526 0.01679487 0.00000250 0.00178789 
-3.82817600 0.01765649 0.01560784 0.00000154 0.00204711 
-3.81219200 0.01678675 0.01446730 0.00000089 0.00231856 
-3.79620800 0.01597275 0.01337480 0.00000053 0.00259741 
-3.78022400 0.01520903 0.01232916 0.00000029 0.00287958 
-3.76424000 0.01449508 0.01133461 0.00000016 0.00316030 
-3.74825600 0.01382710 0.01039247 0.00000007 0.00343455 
-3.73227200 0.01320155 0.00950272 0.00000002 0.00369881 
-3.71628800 0.01261621 0.00866595 0.00000000 0.00395026 
-3.70030400 0.01207086 0.00788543 0.00000000 0.00418543 
-3.68432000 0.01156482 0.00716010 0.00000000 0.00440472 
-3.66833600 0.01109868 0.00649094 0.00000000 0.00460774 
-3.65235200 0.01067239 0.00587742 0.00000000 0.00479497 
-3.63636800 0.01028826 0.00531948 0.00000000 0.00496878 
-3.62038400 0.00995002 0.00481831 0.00000000 0.00513171 
-3.60440000 0.00965982 0.00437220 0.00000000 0.00528762 
-3.58841600 0.00941781 0.00397967 0.00000000 0.00543814 
-3.57243200 0.00922661 0.00364084 0.00000000 0.00558577 
-3.55644800 0.00908418 0.00335292 0.00000000 0.00573126 
-3.54046400 0.00898955 0.00311447 0.00000000 0.00587508 
-3.52448000 0.00893880 0.00292319 0.00000000 0.00601562 
-3.50849600 0.00892660 0.00277543 0.00000000 0.00615117 
-3.49251200 0.00894635 0.00266906 0.00000000 0.00627730 
-3.47652800 0.00898951 0.00260044 0.00000000 0.00638907 
-3.46054400 0.00905032 0.00256821 0.00000000 0.00648211 
-3.44456000 0.00911841 0.00256796 0.00000000 0.00655046 
-3.42857600 0.00918720 0.00259779 0.00000000 0.00658941 
-3.41259200 0.00925048 0.00265673 0.00000000 0.00659375 
-3.39660800 0.00930350 0.00274292 0.00000000 0.00656057 
-3.38062400 0.00934215 0.00285597 0.00000000 0.00648618 
-3.36464000 0.00936776 0.00299704 0.00000000 0.00637071 
-3.34865600 0.00938077 0.00316705 0.00000000 0.00621373 
-3.33267200 0.00938490 0.00336738 0.00000000 0.00601752 
-3.31668800 0.00938550 0.00360111 0.00000000 0.00578439 
-3.30070400 0.00939097 0.00387154 0.00000000 0.00551942 
-3.28472000 0.00940706 0.00418029 0.00000000 0.00522677 
-3.26873600 0.00944189 0.00453083 0.00000000 0.00491106 
-3.25275200 0.00950430 0.00492531 0.00000000 0.00457899 
-3.23676800 0.00960047 0.00536445 0.00000000 0.00423602 
-3.22078400 0.00973526 0.00584783 0.00000000 0.00388743 
-3.20480000 0.00991668 0.00637745 0.00000002 0.00353922 
-3.18881600 0.01014549 0.00694966 0.00000003 0.00319580 
-3.17283200 0.01042361 0.00756155 0.00000006 0.00286199 
-3.15684800 0.01075180 0.00820987 0.00000010 0.00254183 
-3.14086400 0.01112757 0.00888891 0.00000017 0.00223850 
-3.12488000 0.01154841 0.00959406 0.00000025 0.00195411 
-3.10889600 0.01200806 0.01031555 0.00000042 0.00169209 
-3.09291200 0.01250191 0.01104888 0.00000071 0.00145232 
-3.07692800 0.01302497 0.01178722 0.00000101 0.00123674 
-3.06094400 0.01357168 0.01252382 0.00000159 0.00104627 
-3.04496000 0.01413830 0.01325478 0.00000240 0.00088112 
-3.02897600 0.01471971 0.01397468 0.00000360 0.00074143 
-3.01299200 0.01531556 0.01468324 0.00000516 0.00062716 
-2.99700800 0.01592996 0.01538275 0.00000751 0.00053970 
-2.98102400 0.01656747 0.01607573 0.00001113 0.00048062 
-2.96504000 0.01723967 0.01677134 0.00001641 0.00045192 
-2.94905600 0.01796095 0.01747881 0.00002462 0.00045751 
-2.93307200 0.01874946 0.01821197 0.00003677 0.00050072 
-2.91708800 0.01963023 0.01898795 0.00005567 0.00058661 
-2.90110400 0.02063864 0.01982988 0.00008408 0.00072469 
-2.88512000 0.02181437 0.02076165 0.00012792 0.00092480 
-2.86913600 0.02320399 0.02181320 0.00019278 0.00119801 
-2.85315200 0.02486996 0.02302234 0.00028735 0.00156027 
-2.83716800 0.02687645 0.02442631 0.00042543 0.00202471 
-2.82118400 0.02931061 0.02607675 0.00062167 0.00261219 
-2.80520000 0.03225978 0.02802554 0.00089338 0.00334086 
-2.78921600 0.03583544 0.03034099 0.00126089 0.00423355 
-2.77323200 0.04014734 0.03309131 0.00174897 0.00530706 
-2.75724800 0.04532758 0.03635631 0.00238674 0.00658453 
-2.74126400 0.05149748 0.04021543 0.00320247 0.00807958 
-2.72528000 0.05878559 0.04475194 0.00422224 0.00981141 
-2.70929600 0.06730355 0.05004581 0.00547491 0.01178283 
-2.69331200 0.07715377 0.05616875 0.00698197 0.01400305 
-2.67732800 0.08839398 0.06316953 0.00875999 0.01646446 
-2.66134400 0.10104656 0.07107555 0.01081393 0.01915708 
-2.64536000 0.11506741 0.07987473 0.01313896 0.02205372 
-2.62937600 0.13033900 0.08950814 0.01571138 0.02511948 
-2.61339200 0.14666077 0.09985933 0.01849187 0.02830957 
-2.59740800 0.16375583 0.11076728 0.02142073 0.03156783 
-2.58142400 0.18125329 0.12200548 0.02442033 0.03482749 
-2.56544000 0.19870842 0.13329693 0.02739862 0.03801287 
-2.54945600 0.21561727 0.14432379 0.03025108 0.04104240 
-2.53347200 0.23143138 0.15473299 0.03286676 0.04383162 
-2.51748800 0.24560630 0.16417387 0.03513611 0.04629632 
-2.50150400 0.25761404 0.17229864 0.03695782 0.04835758 
-2.48552000 0.26699363 0.17880065 0.03824681 0.04994617 
-2.46953600 0.27337137 0.18342594 0.03894024 0.05100519 
-2.45355200 0.27649975 0.18600205 0.03900321 0.05149448 
-2.43756800 0.27626451 0.18643988 0.03843113 0.05139351 
-2.42158400 0.27269609 0.18474363 0.03725071 0.05070174 
-2.40560000 0.26597043 0.18101283 0.03551717 0.04944043 
-2.38961600 0.25639186 0.17543149 0.03331070 0.04764967 
-2.37363200 0.24436874 0.16825022 0.03073006 0.04538846 
-2.35764800 0.23039028 0.15977635 0.02788439 0.04272954 
-2.34166400 0.21498907 0.15034436 0.02488731 0.03975739 
-2.32568000 0.19870333 0.14029550 0.02184686 0.03656098 
-2.30969600 0.18204705 0.12995605 0.01886173 0.03322926 
-2.29371200 0.16549068 0.11962645 0.01601454 0.02984969 
-2.27772800 0.14943329 0.10955883 0.01337111 0.02650335 
-2.26174400 0.13419123 0.09995463 0.01097723 0.02325937 
-2.24576000 0.11999839 0.09096285 0.00885757 0.02017797 
-2.22977600 0.10699870 0.08267342 0.00702290 0.01730238 
-2.21379200 0.09527318 0.07513705 0.00546978 0.01466635 
-2.19780800 0.08482413 0.06835297 0.00418339 0.01228777 
-2.18182400 0.07561187 0.06229503 0.00313894 0.01017790 
-2.16584000 0.06755308 0.05691397 0.00230684 0.00833227 
-2.14985600 0.06054849 0.05214521 0.00165868 0.00674460 
-2.13387200 0.05447825 0.04791671 0.00116699 0.00539455 
-2.11788800 0.04922218 0.04415196 0.00080112 0.00426910 
-2.10190400 0.04465469 0.04077930 0.00053665 0.00333874 
-2.08592000 0.04066869 0.03773482 0.00034994 0.00258394 
-2.06993600 0.03715859 0.03495713 0.00022278 0.00197868 
-2.05395200 0.03403952 0.03239843 0.00013703 0.00150406 
-2.03796800 0.03124201 0.03002212 0.00008194 0.00113794 
-2.02198400 0.02870287 0.02779600 0.00004715 0.00085973 
-2.00600000 0.02637340 0.02569509 0.00002622 0.00065210 
-1.99001600 0.02421878 0.02370273 0.00001454 0.00050152 
-1.97403200 0.02221254 0.02180883 0.00000778 0.00039593 
-1.95804800 0.02033788 0.02000860 0.00000388 0.00032540 
-1.94206400 0.01858706 0.01830320 0.00000189 0.00028197 
-1.92608000 0.01695001 0.01668919 0.00000088 0.00025994 
-1.91009600 0.01542413 0.01516983 0.00000043 0.00025387 
-1.89411200 0.01400611 0.01374654 0.00000024 0.00025932 
-1.87812800 0.01269694 0.01242302 0.00000012 0.00027381 
-1.86214400 0.01148969 0.01119494 0.00000005 0.00029470 
-1.84616000 0.01038474 0.01006480 0.00000002 0.00031992 
-1.83017600 0.00938039 0.00903174 0.00000000 0.00034866 
-1.81419200 0.00846954 0.00809086 0.00000000 0.00037868 
-1.79820800 0.00764923 0.00724014 0.00000000 0.00040910 
-1.78222400 0.00691271 0.00647412 0.00000000 0.00043860 
-1.76624000 0.00625152 0.00578542 0.00000000 0.00046610 
-1.75025600 0.00565865 0.00516795 0.00000000 0.00049070 
-1.73427200 0.00512808 0.00461654 0.00000000 0.00051154 
-1.71828800 0.00465149 0.00412371 0.00000000 0.00052778 
-1.70230400 0.00422076 0.00368206 0.00000000 0.00053870 
-1.68632000 0.00383241 0.00328817 0.00000000 0.00054424 
-1.67033600 0.00347892 0.00293486 0.00000000 0.00054406 
-1.65435200 0.00315646 0.00261824 0.00000000 0.00053822 
-1.63836800 0.00286198 0.00233477 0.00000000 0.00052721 
-1.62238400 0.00259191 0.00208000 0.00000000 0.00051192 
-1.60640000 0.00234591 0.00185260 0.00000000 0.00049331 
-1.59041600 0.00212411 0.00165102 0.00000000 0.00047309 
-1.57443200 0.00192697 0.00147429 0.00000000 0.00045268 
-1.55844800 0.00175403 0.00132014 0.00000000 0.00043389 
-1.54246400 0.00160795 0.00118850 0.00000000 0.00041945 
-1.52648000 0.00149158 0.00107983 0.00000000 0.00041175 
-1.51049600 0.00140749 0.00099446 0.00000000 0.00041302 
-1.49451200 0.00135729 0.00093181 0.00000000 0.00042548 
-1.47852800 0.00134569 0.00089368 0.00000000 0.00045201 
-1.46254400 0.00137562 0.00088099 0.00000000 0.00049463 
-1.44656000 0.00145084 0.00089499 0.00000000 0.00055585 
-1.43057600 0.00157494 0.00093777 0.00000000 0.00063718 
-1.41459200 0.00175009 0.00100980 0.00000000 0.00074029 
-1.39860800 0.00197901 0.00111380 0.00000000 0.00086521 
-1.38262400 0.00226437 0.00125222 0.00000000 0.00101215 
-1.36664000 0.00260742 0.00142795 0.00000000 0.00117947 
-1.35065600 0.00300921 0.00164364 0.00000000 0.00136556 
-1.33467200 0.00347027 0.00190292 0.00000000 0.00156735 
-1.31868800 0.00398824 0.00220782 0.00000000 0.00178042 
-1.30270400 0.00456443 0.00256407 0.00000000 0.00200036 
-1.28672000 0.00519662 0.00297575 0.00000000 0.00222087 
-1.27073600 0.00588387 0.00344824 0.00000000 0.00243562 
-1.25475200 0.00662328 0.00398500 0.00000000 0.00263829 
-1.23876800 0.00741327 0.00459153 0.00000000 0.00282174 
-1.22278400 0.00825284 0.00527297 0.00000000 0.00297987 
-1.20680000 0.00914006 0.00603330 0.00000000 0.00310677 
-1.19081600 0.01007643 0.00687852 0.00000000 0.00319790 
-1.17483200 0.01106082 0.00781125 0.00000000 0.00324957 
-1.15884800 0.01209343 0.00883367 0.00000000 0.00325976 
-1.14286400 0.01317718 0.00994944 0.00000000 0.00322774 
-1.12688000 0.01431349 0.01115866 0.00000000 0.00315483 
-1.11089600 0.01550699 0.01246325 0.00000002 0.00304372 
-1.09491200 0.01675844 0.01386007 0.00000005 0.00289832 
-1.07892800 0.01807257 0.01534834 0.00000013 0.00272411 
-1.06294400 0.01945240 0.01692474 0.00000041 0.00252725 
-1.04696000 0.02090031 0.01858505 0.00000082 0.00231444 
-1.03097600 0.02241838 0.02032435 0.00000152 0.00209251 
-1.01499200 0.02400978 0.02213906 0.00000255 0.00186817 
-0.99900800 0.02567320 0.02402072 0.00000461 0.00164788 
-0.98302400 0.02741106 0.02596559 0.00000782 0.00143766 
-0.96704000 0.02921847 0.02796357 0.00001252 0.00124238 
-0.95105600 0.03109220 0.03000649 0.00001970 0.00106601 
-0.93507200 0.03303028 0.03208747 0.00002987 0.00091294 
-0.91908800 0.03502614 0.03419562 0.00004409 0.00078642 
-0.90310400 0.03707290 0.03631963 0.00006359 0.00068967 
-0.88712000 0.03916330 0.03844719 0.00008990 0.00062621 
-0.87113600 0.04129713 0.04056965 0.00012610 0.00060138 
-0.85515200 0.04346971 0.04267549 0.00017445 0.00061977 
-0.83916800 0.04568877 0.04475870 0.00023983 0.00069024 
-0.82318400 0.04796606 0.04681458 0.00032820 0.00082328 
-0.80720000 0.05032762 0.04884671 0.00044854 0.00103237 
-0.79121600 0.05280701 0.05086111 0.00061304 0.00133286 
-0.77523200 0.05545958 0.05287642 0.00083652 0.00174664 
-0.75924800 0.05835272 0.05492168 0.00113647 0.00229456 
-0.74326400 0.06157647 0.05703607 0.00153547 0.00300493 
-0.72728000 0.06523308 0.05926601 0.00206068 0.00390638 
-0.71129600 0.06942664 0.06166236 0.00274017 0.00502411 
-0.69531200 0.07429974 0.06429570 0.00360976 0.00639428 
-0.67932800 0.07997021 0.06722833 0.00470196 0.00803992 
-0.66334400 0.08657186 0.07053325 0.00605683 0.00998178 
-0.64736000 0.09421671 0.07426910 0.00770706 0.01224056 
-0.63137600 0.10299267 0.07848632 0.00968311 0.01482324 
-0.61539200 0.11294125 0.08321559 0.01200388 0.01772179 
-0.59940800 0.12405742 0.08846016 0.01467903 0.02091823 
-0.58342400 0.13626657 0.09419219 0.01769902 0.02437535 
-0.56744000 0.14941353 0.10034266 0.02103096 0.02803990 
-0.55145600 0.16326070 0.10679963 0.02461975 0.03184132 
-0.53547200 0.17748991 0.11341265 0.02838411 0.03569316 
-0.51948800 0.19171151 0.11999859 0.03221889 0.03949403 
-0.50350400 0.20548360 0.12634489 0.03599908 0.04313963 
-0.48752000 0.21832548 0.13222202 0.03958485 0.04651860 
-0.47153600 0.22975761 0.13740171 0.04283168 0.04952422 
-0.45555200 0.23932927 0.14167057 0.04559920 0.05205950 
-0.43956800 0.24664707 0.14484500 0.04775973 0.05404235 
-0.42358400 0.25140963 0.14678603 0.04921209 0.05541152 
-0.40760000 0.25342215 0.14740895 0.04988575 0.05612746 
-0.39161600 0.25261936 0.14669132 0.04974927 0.05617876 
-0.37563200 0.24906250 0.14467143 0.04881143 0.05557964 
-0.35964800 0.24293265 0.14144673 0.04712030 0.05436562 
-0.34366400 0.23451272 0.13715842 0.04476004 0.05259426 
-0.32768000 0.22417289 0.13199043 0.04184241 0.05034005 
-0.31169600 0.21232900 0.12614250 0.03849931 0.04768719 
-0.29571200 0.19942135 0.11982406 0.03487193 0.04472536 
-0.27972800 0.18588016 0.11323461 0.03110032 0.04154523 
-0.26374400 0.17210278 0.10655112 0.02731674 0.03823491 
-0.24776000 0.15843542 0.09992552 0.02363586 0.03487403 
-0.23177600 0.14516142 0.09347602 0.02015198 0.03153341 
-0.21579200 0.13249241 0.08728390 0.01693484 0.02827367 
-0.19980800 0.12057787 0.08140380 0.01402962 0.02514445 
-0.18382400 0.10949999 0.07585587 0.01146125 0.02218287 
-0.16784000 0.09930052 0.07064534 0.00923574 0.01941943 
-0.15185600 0.08997155 0.06575785 0.00734239 0.01687131 
-0.13587200 0.08148794 0.06117773 0.00575892 0.01455129 
-0.11988800 0.07381179 0.05688456 0.00445822 0.01246902 
-0.10390400 0.06687204 0.05284791 0.00340620 0.01061793 
-0.08792000 0.06062538 0.04905463 0.00257073 0.00900003 
-0.07193600 0.05500592 0.04548219 0.00191556 0.00760817 
-0.05595200 0.04996031 0.04212130 0.00141152 0.00642750 
-0.03996800 0.04543985 0.03896301 0.00102859 0.00544825 
-0.02398400 0.04140303 0.03600106 0.00074351 0.00465846 
-0.00800000 0.03779932 0.03322591 0.00053248 0.00404094 
0.00798400 0.03459443 0.03063509 0.00037782 0.00358153 
0.02396800 0.03175279 0.02822221 0.00026680 0.00326378 
0.03995200 0.02924086 0.02598365 0.00018687 0.00307035 
0.05593600 0.02702829 0.02391245 0.00012978 0.00298606 
0.07192000 0.02508365 0.02199843 0.00008934 0.00299588 
0.08790400 0.02337723 0.02023517 0.00006068 0.00308138 
0.10388800 0.02188299 0.01861438 0.00004077 0.00322784 
0.11987200 0.02057324 0.01712604 0.00002655 0.00342065 
0.13585600 0.01942088 0.01576041 0.00001663 0.00364384 
0.15184000 0.01840338 0.01450811 0.00001060 0.00388467 
0.16782400 0.01749572 0.01336051 0.00000640 0.00412880 
0.18380800 0.01668020 0.01231133 0.00000386 0.00436502 
0.19979200 0.01593232 0.01134944 0.00000229 0.00458059 
0.21577600 0.01523921 0.01047248 0.00000132 0.00476540 
0.23176000 0.01458258 0.00966982 0.00000072 0.00491204 
0.24774400 0.01395148 0.00893795 0.00000036 0.00501317 
0.26372800 0.01333526 0.00827132 0.00000020 0.00506374 
0.27971200 0.01272798 0.00766683 0.00000010 0.00506105 
0.29569600 0.01212412 0.00711928 0.00000005 0.00500479 
0.31168000 0.01152011 0.00662373 0.00000003 0.00489635 
0.32766400 0.01092023 0.00618063 0.00000002 0.00473957 
0.34364800 0.01032278 0.00578312 0.00000000 0.00453966 
0.35963200 0.00973083 0.00542699 0.00000000 0.00430384 
0.37561600 0.00914756 0.00510772 0.00000000 0.00403984 
0.39160000 0.00857679 0.00481976 0.00000000 0.00375703 
0.40758400 0.00802339 0.00455929 0.00000000 0.00346410 
0.42356800 0.00748922 0.00431896 0.00000000 0.00317026 
0.43955200 0.00698003 0.00409649 0.00000000 0.00288353 
0.45553600 0.00649718 0.00388523 0.00000000 0.00261195 
0.47152000 0.00604281 0.00368163 0.00000000 0.00236118 
0.48750400 0.00562193 0.00348587 0.00000000 0.00213606 
0.50348800 0.00523322 0.00329417 0.00000000 0.00193905 
0.51947200 0.00487910 0.00310730 0.00000000 0.00177180 
0.53545600 0.00455906 0.00292504 0.00000000 0.00163403 
0.55144000 0.00427316 0.00274806 0.00000000 0.00152509 
0.56742400 0.00402228 0.00257998 0.00000000 0.00144230 
0.58340800 0.00380629 0.00242476 0.00000000 0.00138153 
0.59939200 0.00362320 0.00228357 0.00000000 0.00133963 
0.61537600 0.00347345 0.00216141 0.00000000 0.00131204 
0.63136000 0.00335444 0.00205986 0.00000000 0.00129458 
0.64734400 0.00326643 0.00198335 0.00000000 0.00128308 
0.66332800 0.00320780 0.00193366 0.00000000 0.00127414 
0.67931200 0.00317850 0.00191440 0.00000000 0.00126410 
0.69529600 0.00317756 0.00192636 0.00000000 0.00125120 
0.71128000 0.00320715 0.00197388 0.00000000 0.00123328 
0.72726400 0.00326615 0.00205641 0.00000000 0.00120974 
0.74324800 0.00335625 0.00217711 0.00000000 0.00117914 
0.75923200 0.00347809 0.00233575 0.00000000 0.00114233 
0.77521600 0.00363388 0.00253456 0.00000000 0.00109932 
0.79120000 0.00382615 0.00277523 0.00000000 0.00105092 
0.80718400 0.00405857 0.00306088 0.00000000 0.00099769 
0.82316800 0.00433243 0.00339175 0.00000000 0.00094068 
0.83915200 0.00465193 0.00377112 0.00000000 0.00088082 
0.85513600 0.00501983 0.00420082 0.00000000 0.00081901 
0.87112000 0.00544080 0.00468429 0.00000000 0.00075651 
0.88710400 0.00591678 0.00522310 0.00000000 0.00069368 
0.90308800 0.00645430 0.00582286 0.00000000 0.00063145 
0.91907200 0.00705427 0.00648363 0.00000000 0.00057064 
0.93505600 0.00772048 0.00720833 0.00000000 0.00051215 
0.95104000 0.00845682 0.00800068 0.00000000 0.00045614 
0.96702400 0.00926480 0.00886087 0.00000000 0.00040393 
0.98300800 0.01014501 0.00978948 0.00000000 0.00035554 
0.99899200 0.01109816 0.01078674 0.00000000 0.00031143 
1.01497600 0.01212175 0.01184978 0.00000000 0.00027197 
1.03096000 0.01321526 0.01297729 0.00000004 0.00023793 
1.04694400 0.01437453 0.01416497 0.00000007 0.00020949 
1.06292800 0.01559646 0.01540866 0.00000017 0.00018762 
1.07891200 0.01687968 0.01670578 0.00000032 0.00017359 
1.09489600 0.01822138 0.01805235 0.00000070 0.00016833 
1.11088000 0.01962230 0.01944530 0.00000138 0.00017563 
1.12686400 0.02108551 0.02088539 0.00000273 0.00019739 
1.14284800 0.02261477 0.02237031 0.00000519 0.00023927 
1.15883200 0.02422106 0.02390450 0.00000979 0.00030677 
1.17481600 0.02592268 0.02549760 0.00001840 0.00040668 
1.19080000 0.02774089 0.02715873 0.00003286 0.00054929 
1.20678400 0.02971556 0.02890951 0.00005842 0.00074763 
1.22276800 0.03188475 0.03077219 0.00009792 0.00101464 
1.23875200 0.03430521 0.03277720 0.00016154 0.00136647 
1.25473600 0.03704849 0.03496636 0.00026141 0.00182071 
1.27072000 0.04019954 0.03738915 0.00041002 0.00240037 
1.28670400 0.04386301 0.04010601 0.00062524 0.00313176 
1.30268800 0.04814628 0.04317612 0.00092927 0.00404089 
1.31867200 0.05317770 0.04667705 0.00134960 0.00515105 
1.33465600 0.05908153 0.05067745 0.00191558 0.00648850 
1.35064000 0.06599530 0.05526434 0.00265642 0.00807454 
1.36662400 0.07405372 0.06051221 0.00361040 0.00993111 
1.38260800 0.08336582 0.06648946 0.00480499 0.01207137 
1.39859200 0.09401063 0.07323690 0.00627307 0.01450066 
1.41457600 0.10603955 0.08078252 0.00803978 0.01721725 
1.43056000 0.11944691 0.08911967 0.01012173 0.02020551 
1.44654400 0.13415444 0.09819386 0.01252199 0.02343860 
1.46252800 0.15000784 0.10790524 0.01522584 0.02687675 
1.47851200 0.16676165 0.11809846 0.01820141 0.03046178 
1.49449600 0.18408102 0.12856575 0.02139233 0.03412294 
1.51048000 0.20154954 0.13905033 0.02472177 0.03777744 
1.52646400 0.21867584 0.14925492 0.02809075 0.04133017 
1.54244800 0.23491368 0.15885135 0.03138347 0.04467886 
1.55843200 0.24970168 0.16750691 0.03447378 0.04772100 
1.57441600 0.26248311 0.17489969 0.03723103 0.05035239 
1.59040000 0.27274251 0.18073070 0.03953140 0.05248041 
1.60638400 0.28005436 0.18476431 0.04126527 0.05402479 
1.62236800 0.28409638 0.18682450 0.04234697 0.05492491 
1.63835200 0.28468774 0.18682308 0.04272131 0.05514334 
1.65433600 0.28179465 0.18475912 0.04236835 0.05466718 
1.67032000 0.27553147 0.18071476 0.04130534 0.05351137 
1.68630400 0.26616419 0.17486129 0.03958512 0.05171778 
1.70228800 0.25407409 0.16743257 0.03729193 0.04934959 
1.71827200 0.23974406 0.15871683 0.03453434 0.04649290 
1.73425600 0.22371658 0.14903502 0.03143675 0.04324481 
1.75024000 0.20655780 0.13871409 0.02813017 0.03971353 
1.76622400 0.18882411 0.12807197 0.02474256 0.03600957 
1.78220800 0.17103835 0.11740790 0.02139224 0.03223820 
1.79819200 0.15364778 0.10697169 0.01817884 0.02849725 
1.81417600 0.13703443 0.09697440 0.01518482 0.02487521 
1.83016000 0.12148042 0.08757389 0.01246395 0.02144258 
1.84614400 0.10717978 0.07887408 0.01005089 0.01825481 
1.86212800 0.09424514 0.07093521 0.00796147 0.01534846 
1.87811200 0.08271064 0.06377474 0.00619214 0.01274376 
1.89409600 0.07256437 0.05738832 0.00472532 0.01045073 
1.91008000 0.06373878 0.05173624 0.00353454 0.00846800 
1.92606400 0.05614390 0.04677439 0.00258838 0.00678113 
1.94204800 0.04965621 0.04243114 0.00185471 0.00537036 
1.95803200 0.04415028 0.03864582 0.00129598 0.00420849 
1.97401600 0.03950806 0.03535292 0.00088478 0.00327036 
1.99000000 0.03561166 0.03249549 0.00058843 0.00252773 
2.00598400 0.03234440 0.03001277 0.00038025 0.00195139 
2.02196800 0.02960073 0.02784624 0.00023835 0.00151614 
2.03795200 0.02729520 0.02595231 0.00014474 0.00119815 
2.05393600 0.02534725 0.02428648 0.00008562 0.00097516 
2.06992000 0.02369372 0.02281266 0.00004896 0.00083210 
2.08590400 0.02227474 0.02149463 0.00002754 0.00075256 
2.10188800 0.02104364 0.02030451 0.00001480 0.00072433 
2.11787200 0.01995832 0.01921317 0.00000779 0.00073735 
2.13385600 0.01899007 0.01820130 0.00000408 0.00078469 
2.14984000 0.01810809 0.01724780 0.00000189 0.00085840 
2.16582400 0.01729249 0.01633550 0.00000103 0.00095596 
2.18180800 0.01653084 0.01545848 0.00000048 0.00107188 
2.19779200 0.01580746 0.01460449 0.00000029 0.00120269 
2.21377600 0.01511676 0.01377045 0.00000013 0.00134618 
2.22976000 0.01445158 0.01295284 0.00000004 0.00149870 
2.24574400 0.01381092 0.01215292 0.00000000 0.00165801 
2.26172800 0.01319278 0.01137253 0.00000000 0.00182025 
2.27771200 0.01259629 0.01061358 0.00000000 0.00198271 
2.29369600 0.01202318 0.00988251 0.00000000 0.00214067 
2.30968000 0.01147217 0.00918077 0.00000000 0.00229139 
2.32566400 0.01094447 0.00851365 0.00000000 0.00243083 
2.34164800 0.01043932 0.00788373 0.00000000 0.00255559 
2.35763200 0.00995596 0.00729389 0.00000000 0.00266207 
2.37361600 0.00949288 0.00674501 0.00000000 0.00274787 
2.38960000 0.00905000 0.00623872 0.00000000 0.00281127 
2.40558400 0.00862670 0.00577589 0.00000000 0.00285081 
2.42156800 0.00822040 0.00535355 0.00000000 0.00286685 
2.43755200 0.00783285 0.00497294 0.00000000 0.00285991 
2.45353600 0.00746596 0.00463406 0.00000000 0.00283190 
2.46952000 0.00712164 0.00433642 0.00000000 0.00278521 
2.48550400 0.00680244 0.00407830 0.00000000 0.00272414 
2.50148800 0.00651112 0.00385979 0.00000000 0.00265133 
2.51747200 0.00625174 0.00368083 0.00000000 0.00257090 
2.53345600 0.00602832 0.00354057 0.00000000 0.00248775 
2.54944000 0.00584323 0.00343747 0.00000000 0.00240576 
2.56542400 0.00569975 0.00337166 0.00000000 0.00232809 
2.58140800 0.00559890 0.00333967 0.00000000 0.00225923 
2.59739200 0.00554018 0.00333951 0.00000000 0.00220068 
2.61337600 0.00552496 0.00336962 0.00000000 0.00215534 
2.62936000 0.00555038 0.00342555 0.00000000 0.00212483 
2.64534400 0.00561353 0.00350299 0.00000000 0.00211054 
2.66132800 0.00571106 0.00359840 0.00000000 0.00211267 
2.67731200 0.00583968 0.00370763 0.00000000 0.00213205 
2.69329600 0.00599382 0.00382589 0.00000000 0.00216793 
2.70928000 0.00617054 0.00394964 0.00000000 0.00222091 
2.72526400 0.00636528 0.00407493 0.00000000 0.00229035 
2.74124800 0.00657325 0.00419858 0.00000000 0.00237467 
2.75723200 0.00679265 0.00431888 0.00000000 0.00247377 
2.77321600 0.00702044 0.00443523 0.00000000 0.00258522 
2.78920000 0.00725600 0.00454722 0.00000000 0.00270878 
2.80518400 0.00749812 0.00465657 0.00000000 0.00284155 
2.82116800 0.00774728 0.00476596 0.00000000 0.00298132 
2.83715200 0.00800467 0.00487873 0.00000000 0.00312594 
2.85313600 0.00827098 0.00499970 0.00000000 0.00327128 
2.86912000 0.00854749 0.00513408 0.00000000 0.00341342 
2.88510400 0.00883654 0.00528777 0.00000000 0.00354877 
2.90108800 0.00913941 0.00546756 0.00000000 0.00367185 
2.91707200 0.00945753 0.00567977 0.00000000 0.00377776 
2.93305600 0.00979359 0.00593207 0.00000000 0.00386152 
2.94904000 0.01015075 0.00623142 0.00000000 0.00391933 
2.96502400 0.01053109 0.00658442 0.00000002 0.00394665 
2.98100800 0.01093581 0.00699487 0.00000009 0.00394085 
2.99699200 0.01136978 0.00746927 0.00000023 0.00390028 
3.01297600 0.01183689 0.00801232 0.00000057 0.00382400 
3.02896000 0.01234252 0.00862787 0.00000107 0.00371359 
3.04494400 0.01289372 0.00932020 0.00000208 0.00357144 
3.06092800 0.01350001 0.01009434 0.00000355 0.00340212 
3.07691200 0.01417068 0.01095406 0.00000603 0.00321058 
3.09289600 0.01491565 0.01190053 0.00000994 0.00300518 
3.10888000 0.01574774 0.01293856 0.00001550 0.00279367 
3.12486400 0.01668073 0.01407210 0.00002398 0.00258465 
3.14084800 0.01773665 0.01531007 0.00003636 0.00239023 
3.15683200 0.01893076 0.01665602 0.00005349 0.00222124 
3.17281600 0.02028327 0.01811639 0.00007706 0.00208981 
3.18880000 0.02181911 0.01969821 0.00010945 0.00201145 
3.20478400 0.02356680 0.02141408 0.00015423 0.00199849 
3.22076800 0.02556239 0.02327654 0.00021519 0.00207065 
3.23675200 0.02783974 0.02529683 0.00029777 0.00224514 
3.25273600 0.03044411 0.02749270 0.00041134 0.00254007 
3.26872000 0.03343140 0.02988552 0.00056571 0.00298018 
3.28470400 0.03686127 0.03249787 0.00077263 0.00359078 
3.30068800 0.04079983 0.03535738 0.00104903 0.00439343 
3.31667200 0.04533222 0.03849730 0.00141655 0.00541837 
3.33265600 0.05053841 0.04194673 0.00189866 0.00669302 
3.34864000 0.05651347 0.04574915 0.00252161 0.00824271 
3.36462400 0.06334150 0.04993684 0.00331509 0.01008957 
3.38060800 0.07110834 0.05454527 0.00430693 0.01225614 
3.39659200 0.07989651 0.05961034 0.00553086 0.01475531 
3.41257600 0.08977069 0.06516004 0.00701693 0.01759372 
3.42856000 0.10076112 0.07120605 0.00879192 0.02076315 
3.44454400 0.11286599 0.07774296 0.01087169 0.02425134 
3.46052800 0.12603341 0.08474514 0.01326445 0.02802383 
3.47651200 0.14015593 0.09215608 0.01596379 0.03203605 
3.49249600 0.15505695 0.09988948 0.01894198 0.03622549 
3.50848000 0.17048644 0.10782388 0.02215189 0.04051067 
3.52446400 0.18612368 0.11580219 0.02552325 0.04479823 
3.54044800 0.20157810 0.12363293 0.02896420 0.04898097 
3.55643200 0.21640773 0.13110064 0.03236349 0.05294360 
3.57241600 0.23013923 0.13797802 0.03559664 0.05656456 
3.58840000 0.24228760 0.14403078 0.03853209 0.05972472 
3.60438400 0.25239142 0.14903728 0.04104091 0.06231323 
3.62036800 0.26004582 0.15280602 0.04300689 0.06423292 
3.63635200 0.26492518 0.15518391 0.04433310 0.06540817 
3.65233600 0.26681323 0.15607213 0.04495356 0.06578755 
3.66832000 0.26562323 0.15543742 0.04483496 0.06535085 
3.68430400 0.26140111 0.15331051 0.04398303 0.06410757 
3.70028800 0.25432813 0.14978836 0.04244054 0.06209924 
3.71627200 0.24469879 0.14501994 0.04028339 0.05939546 
3.73225600 0.23290831 0.13920301 0.03761553 0.05608977 
3.74824000 0.21942963 0.13257375 0.03455986 0.05229602 
3.76422400 0.20476912 0.12538059 0.03124886 0.04813967 
3.78020800 0.18943802 0.11787381 0.02781433 0.04374988 
3.79619200 0.17392166 0.11028574 0.02437947 0.03925645 
3.81217600 0.15865455 0.10282491 0.02105283 0.03477681 
3.82816000 0.14400496 0.09566599 0.01792123 0.03041774 
3.84414400 0.13025636 0.08893896 0.01504708 0.02627032 
3.86012800 0.11760182 0.08272932 0.01247168 0.02240082 
3.87611200 0.10615978 0.07708593 0.01021448 0.01885937 
3.89209600 0.09597267 0.07201874 0.00827500 0.01567893 
3.90808000 0.08701499 0.06750819 0.00663729 0.01286952 
3.92406400 0.07922530 0.06351752 0.00527798 0.01042979 
3.94004800 0.07249604 0.05998320 0.00416706 0.00834579 
3.95603200 0.06671513 0.05684790 0.00327220 0.00659503 
3.97201600 0.06174943 0.05404334 0.00256181 0.00514427 
3.98800000 0.05746680 0.05150269 0.00200107 0.00396304 
4.00398400 0.05374424 0.04916540 0.00156212 0.00301672 
4.01996800 0.05047890 0.04698623 0.00121945 0.00227322 
4.03595200 0.04757501 0.04492427 0.00095462 0.00169611 
4.05193600 0.04495441 0.04294670 0.00074885 0.00125886 
4.06792000 0.04255297 0.04103206 0.00058685 0.00093406 
4.08390400 0.04032323 0.03916356 0.00046003 0.00069964 
4.09988800 0.03823330 0.03733430 0.00035909 0.00053991 
4.11587200 0.03625479 0.03553909 0.00027857 0.00043713 
4.13185600 0.03437746 0.03378217 0.00021411 0.00038118 
4.14784000 0.03259072 0.03206530 0.00016274 0.00036269 
4.16382400 0.03089032 0.03039093 0.00012188 0.00037751 
4.17980800 0.02927061 0.02875966 0.00008987 0.00042107 
4.19579200 0.02773386 0.02717708 0.00006523 0.00049154 
4.21177600 0.02627445 0.02564126 0.00004611 0.00058709 
4.22776000 0.02489398 0.02415421 0.00003212 0.00070765 
4.24374400 0.02358902 0.02271483 0.00002150 0.00085269 
4.25972800 0.02235768 0.02132204 0.00001419 0.00102145 
4.27571200 0.02119853 0.01997614 0.00000912 0.00121326 
4.29169600 0.02010698 0.01867416 0.00000570 0.00142712 
4.30768000 0.01908358 0.01741883 0.00000330 0.00166145 
4.32366400 0.01812355 0.01620834 0.00000195 0.00191325 
4.33964800 0.01722336 0.01504356 0.00000116 0.00217864 
4.35563200 0.01638149 0.01392648 0.00000069 0.00245432 
4.37161600 0.01559281 0.01285696 0.00000042 0.00273543 
4.38760000 0.01485390 0.01183610 0.00000024 0.00301756 
4.40358400 0.01416261 0.01086727 0.00000011 0.00329523 
4.41956800 0.01351570 0.00995010 0.00000005 0.00356556 
4.43555200 0.01291007 0.00908647 0.00000000 0.00382360 
4.45153600 0.01234480 0.00827722 0.00000000 0.00406758 
4.46752000 0.01181873 0.00752374 0.00000000 0.00429500 
4.48350400 0.01133177 0.00682569 0.00000000 0.00450608 
4.49948800 0.01088516 0.00618402 0.00000000 0.00470114 
4.51547200 0.01047922 0.00559759 0.00000000 0.00488163 
4.53145600 0.01011687 0.00506721 0.00000000 0.00504966 
4.54744000 0.00980134 0.00459235 0.00000000 0.00520899 
4.56342400 0.00953482 0.00417288 0.00000000 0.00536194 
4.57940800 0.00931809 0.00380714 0.00000000 0.00551095 
4.59539200 0.00915115 0.00349395 0.00000000 0.00565720 
4.61137600 0.00903214 0.00323018 0.00000000 0.00580196 
4.62736000 0.00895939 0.00301510 0.00000000 0.00594429 
4.64334400 0.00892847 0.00284560 0.00000000 0.00608287 
4.65932800 0.00893212 0.00271795 0.00000000 0.00621418 
4.67531200 0.00896448 0.00263070 0.00000000 0.00633378 
4.69129600 0.00901737 0.00258024 0.00000000 0.00643713 
4.70728000 0.00908367 0.00256429 0.00000000 0.00651938 
4.72326400 0.00915260 0.00257909 0.00000000 0.00657351 
4.73924800 0.00921947 0.00262329 0.00000000 0.00659618 
4.75523200 0.00927762 0.00269534 0.00000000 0.00658228 
4.77121600 0.00932397 0.00279479 0.00000000 0.00652918 
4.78720000 0.00935595 0.00292133 0.00000000 0.00643462 
4.80318400 0.00937517 0.00307625 0.00000000 0.00629893 
4.81916800 0.00938350 0.00326115 0.00000000 0.00612235 
4.83515200 0.00938570 0.00347788 0.00000000 0.00590782 
4.85113600 0.00938803 0.00372923 0.00000000 0.00565881 
4.86712000 0.00939712 0.00401761 0.00000000 0.00537951 
4.88310400 0.00942186 0.00434711 0.00000000 0.00507476 
4.89908800 0.00946836 0.00471809 0.00000000 0.00475027 
4.91507200 0.00954630 0.00513442 0.00000000 0.00441188 
4.93105600 0.00966110 0.00559535 0.00000000 0.00406575 
4.94704000 0.00981794 0.00610121 0.00000000 0.00371673 
4.96302400 0.01002264 0.00665240 0.00000002 0.00337022 
4.97900800 0.01027528 0.00724437 0.00000004 0.00303087 
4.99499200 0.01057834 0.00787462 0.00000008 0.00270364 
5.01097600 0.01092960 0.00853855 0.00000014 0.00239092 
5.02696000 0.01132855 0.00923149 0.00000020 0.00209686 
5.04294400 0.01176844 0.00994517 0.00000033 0.00182294 
5.05892800 0.01224543 0.01067325 0.00000054 0.00157164 
5.07491200 0.01275451 0.01140999 0.00000084 0.00134368 
5.09089600 0.01328968 0.01214780 0.00000126 0.00114062 
5.10688000 0.01384719 0.01288312 0.00000195 0.00096213 
5.12286400 0.01442114 0.01360873 0.00000291 0.00080950 
5.13884800 0.01500960 0.01432296 0.00000430 0.00068233 
5.15483200 0.01561317 0.01502638 0.00000617 0.00058062 
5.17081600 0.01623881 0.01572283 0.00000903 0.00050695 
5.18680000 0.01689082 0.01641508 0.00001341 0.00046232 
5.20278400 0.01758452 0.01711465 0.00001980 0.00045006 
5.21876800 0.01833694 0.01783326 0.00003016 0.00047351 
5.23475200 0.01916733 0.01858500 0.00004532 0.00053701 
5.25073600 0.02010519 0.01938988 0.00006803 0.00064727 
5.26672000 0.02119053 0.02027306 0.00010345 0.00081402 
5.28270400 0.02246485 0.02125984 0.00015625 0.00104876 
5.29868800 0.02398145 0.02238367 0.00023461 0.00136317 
5.31467200 0.02580326 0.02368126 0.00034885 0.00177314 
5.33065600 0.02800810 0.02519994 0.00051286 0.00229529 
5.34664000 0.03068264 0.02698905 0.00074366 0.00294993 
5.36262400 0.03392680 0.02911032 0.00105995 0.00375653 
5.37860800 0.03784392 0.03162559 0.00148352 0.00473481 
5.39459200 0.04256738 0.03462101 0.00204035 0.00590601 
5.41057600 0.04821504 0.03816498 0.00276169 0.00728837 
5.42656000 0.05491695 0.04234582 0.00367408 0.00889705 
5.44254400 0.06279406 0.04724272 0.00480532 0.01074602 
5.45852800 0.07195423 0.05293537 0.00617948 0.01283938 
5.47451200 0.08247891 0.05948362 0.00781801 0.01517728 
5.49049600 0.09441299 0.06692688 0.00973141 0.01775470 
5.50648000 0.10774397 0.07527380 0.01191918 0.02055099 
5.52246400 0.12239692 0.08449211 0.01436932 0.02353548 
5.53844800 0.13821101 0.09449292 0.01704976 0.02666833 
5.55443200 0.15495341 0.10514272 0.01991123 0.02989946 
5.57041600 0.17229667 0.11624365 0.02288532 0.03316771 
5.58640000 0.18983286 0.12754486 0.02588708 0.03640092 
5.60238400 0.20708749 0.13874946 0.02881750 0.03952053 
5.61836800 0.22352867 0.14951790 0.03156786 0.04244292 
5.63435200 0.23860947 0.15949799 0.03402750 0.04508397 
5.65033600 0.25178489 0.16833503 0.03608946 0.04736040 
5.66632000 0.26255999 0.17570187 0.03765982 0.04919830 
5.68230400 0.27050941 0.18131245 0.03866351 0.05053345 
5.69828800 0.27531845 0.18495014 0.03905087 0.05131744 
5.71427200 0.27680574 0.18648476 0.03880162 0.05151935 
5.73025600 0.27492573 0.18587152 0.03792655 0.05112766 
5.74624000 0.26978259 0.18316215 0.03646683 0.05015361 
5.76222400 0.26161487 0.17849774 0.03449053 0.04862660 
5.77820800 0.25078397 0.17209873 0.03208768 0.04659757 
5.79419200 0.23773968 0.16424480 0.02936339 0.04413149 
5.81017600 0.22299593 0.15525811 0.02642921 0.04130861 
5.82616000 0.20709521 0.14548227 0.02339772 0.03821521 
5.84214400 0.19056709 0.13525241 0.02037328 0.03494141 
5.85812800 0.17390388 0.12488160 0.01744611 0.03157617 
5.87411200 0.15754595 0.11465104 0.01469218 0.02820272 
5.89009600 0.14185346 0.10478864 0.01216619 0.02489864 
5.90608000 0.12710321 0.09547072 0.00990418 0.02172832 
5.92206400 0.11348076 0.08681378 0.00792416 0.01874282 
5.93804800 0.10109973 0.07889045 0.00622865 0.01598062 
5.95403200 0.08999893 0.07172218 0.00480813 0.01346862 
5.97001600 0.08016760 0.06530262 0.00364321 0.01122177 
5.98600000 0.07152845 0.05957992 0.00270706 0.00924147 
6.00198400 0.06400080 0.05450848 0.00196859 0.00752373 
6.01796800 0.05746888 0.05001318 0.00140077 0.00605493 
6.03395200 0.05181192 0.04602138 0.00097329 0.00481725 
6.04993600 0.04690733 0.04245681 0.00066063 0.00378988 
6.06592000 0.04263778 0.03925121 0.00043660 0.00294997 
6.08190400 0.03889570 0.03634442 0.00028099 0.00227029 
6.09788800 0.03558820 0.03368001 0.00017637 0.00173182 
6.11387200 0.03263408 0.03121435 0.00010687 0.00131285 
6.12985600 0.02997153 0.02891668 0.00006265 0.00099219 
6.14584000 0.02753826 0.02675201 0.00003563 0.00075062 
6.16182400 0.02529828 0.02470632 0.00001989 0.00057207 
6.17780800 0.02321918 0.02276346 0.00001080 0.00044492 
6.19379200 0.02127849 0.02091557 0.00000546 0.00035746 
6.20977600 0.01946604 0.01916204 0.00000281 0.00030119 
6.22576000 0.01777097 0.01750109 0.00000122 0.00026866 
6.24174400 0.01619006 0.01593425 0.00000064 0.00025517 
6.25772800 0.01471588 0.01446041 0.00000032 0.00025516 
6.27371200 0.01335202 0.01308635 0.00000017 0.00026550 
6.28969600 0.01209352 0.01180992 0.00000006 0.00028355 
6.30568000 0.01093682 0.01063009 0.00000002 0.00030670 
6.32166400 0.00988176 0.00954812 0.00000000 0.00033364 
6.33764800 0.00892315 0.00855990 0.00000000 0.00036325 
6.35363200 0.00805709 0.00766343 0.00000000 0.00039366 
6.36961600 0.00727835 0.00685461 0.00000000 0.00042374 
6.38560000 0.00657964 0.00612727 0.00000000 0.00045237 
6.40158400 0.00595330 0.00547476 0.00000000 0.00047854 
6.41756800 0.00539130 0.00488988 0.00000000 0.00050142 
6.43355200 0.00488823 0.00436810 0.00000000 0.00052013 
6.44953600 0.00443535 0.00390158 0.00000000 0.00053377 
6.46552000 0.00402623 0.00348415 0.00000000 0.00054208 
6.48150400 0.00365542 0.00311048 0.00000000 0.00054494 
6.49748800 0.00331756 0.00277566 0.00000000 0.00054190 
6.51347200 0.00300927 0.00247583 0.00000000 0.00053344 
6.52945600 0.00272650 0.00220626 0.00000000 0.00052024 
6.54544000 0.00246821 0.00196501 0.00000000 0.00050320 
6.56142400 0.00223419 0.00175059 0.00000000 0.00048359 
6.57740800 0.00202449 0.00156157 0.00000000 0.00046292 
6.59339200 0.00183904 0.00139589 0.00000000 0.00044315 
6.60937600 0.00167898 0.00125287 0.00000000 0.00042612 
6.62536000 0.00154743 0.00113254 0.00000000 0.00041489 
6.64134400 0.00144588 0.00103500 0.00000000 0.00041088 
6.65732800 0.00137860 0.00096101 0.00000000 0.00041759 
6.67331200 0.00134631 0.00090968 0.00000000 0.00043663 
6.68929600 0.00135466 0.00088412 0.00000000 0.00047054 
6.70528000 0.00140653 0.00088418 0.00000000 0.00052234 
6.72126400 0.00150528 0.00091230 0.00000000 0.00059298 
6.73724800 0.00165449 0.00096961 0.00000000 0.00068488 
6.75323200 0.00185543 0.00105652 0.00000000 0.00079892 
6.76921600 0.00211165 0.00117726 0.00000000 0.00093440 
6.78520000 0.00242471 0.00133323 0.00000000 0.00109148 
6.80118400 0.00279707 0.00152858 0.00000000 0.00126849 
6.81716800 0.00322769 0.00176491 0.00000000 0.00146278 
6.83315200 0.00371616 0.00204576 0.00000000 0.00167040 
6.84913600 0.00426251 0.00237500 0.00000000 0.00188751 
6.86512000 0.00486663 0.00275803 0.00000000 0.00210860 
6.88110400 0.00552694 0.00319977 0.00000000 0.00232717 
6.89708800 0.00623997 0.00370324 0.00000000 0.00253673 
6.91307200 0.00700371 0.00427286 0.00000000 0.00273084 
6.92905600 0.00781741 0.00491477 0.00000000 0.00290264 
6.94504000 0.00868045 0.00563426 0.00000000 0.00304619 
6.96102400 0.00959205 0.00643595 0.00000000 0.00315610 
6.97700800 0.01055209 0.00732376 0.00000000 0.00322834 
6.99299200 0.01156046 0.00830060 0.00000000 0.00325985 
7.00897600 0.01261730 0.00936798 0.00000000 0.00324931 
7.02496000 0.01372686 0.01052986 0.00000000 0.00319700 
7.04094400 0.01489041 0.01178539 0.00000000 0.00310502 
7.05692800 0.01611244 0.01313586 0.00000004 0.00297654 
7.07291200 0.01739371 0.01457739 0.00000008 0.00281624 
7.08889600 0.01873959 0.01610922 0.00000023 0.00263014 
7.10488000 0.02015280 0.01772759 0.00000059 0.00242463 
7.12086400 0.02163417 0.01942649 0.00000117 0.00220651 
7.13684800 0.02318861 0.02120406 0.00000197 0.00198257 
7.15283200 0.02481439 0.02305148 0.00000347 0.00175943 
7.16881600 0.02651409 0.02496465 0.00000608 0.00154336 
7.18480000 0.02828750 0.02693754 0.00000992 0.00134004 
7.20078400 0.03012759 0.02895842 0.00001567 0.00115350 
7.21676800 0.03203352 0.03102126 0.00002438 0.00098788 
7.23275200 0.03400218 0.03311805 0.00003631 0.00084781 
7.24873600 0.03602142 0.03523340 0.00005287 0.00073516 
7.26472000 0.03809115 0.03736124 0.00007557 0.00065434 
7.28070400 0.04020317 0.03948718 0.00010638 0.00060961 
7.29668800 0.04235455 0.04160266 0.00014786 0.00060403 
7.31267200 0.04454956 0.04369850 0.00020366 0.00064740 
7.32865600 0.04679532 0.04576903 0.00027954 0.00074675 
7.34464000 0.04910973 0.04781216 0.00038286 0.00091470 
7.36062400 0.05152392 0.04983414 0.00052303 0.00116675 
7.37660800 0.05408004 0.05184536 0.00071428 0.00152041 
7.39259200 0.05683912 0.05387016 0.00097261 0.00199635 
7.40857600 0.05988488 0.05594610 0.00131870 0.00262008 
7.42456000 0.06330646 0.05811082 0.00177514 0.00342050 
7.44054400 0.06720949 0.06041386 0.00237122 0.00442442 
7.45652800 0.07172028 0.06291849 0.00313976 0.00566203 
7.47251200 0.07696661 0.06568965 0.00411291 0.00716405 
7.48849600 0.08307792 0.06879535 0.00533016 0.00895240 
7.50448000 0.09017587 0.07230306 0.00682589 0.01104692 
7.52046400 0.09836725 0.07627094 0.00863184 0.01346447 
7.53644800 0.10771592 0.08073772 0.01077494 0.01620326 
7.55243200 0.11823916 0.08571964 0.01326897 0.01925055 
7.56841600 0.12990450 0.09120868 0.01611522 0.02258060 
7.58440000 0.14259742 0.09715608 0.01929377 0.02614758 
7.60038400 0.15612203 0.10347383 0.02276000 0.02988820 
7.61636800 0.17020009 0.11002721 0.02644603 0.03372685 
7.63235200 0.18447825 0.11665221 0.03025960 0.03756644 
7.64833600 0.19853757 0.12314784 0.03408462 0.04130511 
7.66432000 0.21191626 0.12929505 0.03778769 0.04483352 
7.68030400 0.22412746 0.13485907 0.04122531 0.04804307 
7.69628800 0.23470172 0.13961762 0.04425474 0.05082936 
7.71227200 0.24317792 0.14334155 0.04673872 0.05309766 
7.72825600 0.24917704 0.14584372 0.04856160 0.05477172 
7.74424000 0.25246627 0.14702548 0.04963651 0.05580429 
7.76022400 0.25289263 0.14681357 0.04991153 0.05616753 
7.77620800 0.25042766 0.14519480 0.04937438 0.05585848 
7.79219200 0.24516641 0.14221425 0.04805288 0.05489927 
7.80817600 0.23730714 0.13796098 0.04601278 0.05333337 
7.82416000 0.22714173 0.13256626 0.04335283 0.05122264 
7.84014400 0.21503380 0.12619511 0.04019517 0.04864353 
7.85612800 0.20137558 0.11901787 0.03667702 0.04568069 
7.87211200 0.18658171 0.11121820 0.03294044 0.04242307 
7.88809600 0.17105766 0.10297230 0.02912304 0.03896232 
7.90408000 0.15517966 0.09444713 0.02534933 0.03538320 
7.92006400 0.13928969 0.08579667 0.02172505 0.03176796 
7.93604800 0.12368430 0.07716059 0.01833359 0.02819012 
7.95203200 0.10861256 0.06866271 0.01523503 0.02471482 
7.96801600 0.09428159 0.06041878 0.01246527 0.02139754 
7.98400000 0.08085406 0.05252792 0.01004116 0.01828497 
